
EKCH:22R:55.628258884806:12.630332593028:55.628942082769:12.6311737969:55.628573407299:12.633420696715:55.627367376869:12.632944752419:11,2,3,5
EKCH:04R:55.628258884806:12.630332593028:55.628942082769:12.6311737969:55.628573407299:12.633420696715:55.627367376869:12.632944752419:12,4,3,5
EKCH:12:55.628258884806:12.630332593028:55.628942082769:12.6311737969:55.628573407299:12.633420696715:55.627367376869:12.632944752419:4,6,4,5
EKCH:30:55.628258884806:12.630332593028:55.628942082769:12.6311737969:55.628573407299:12.633420696715:55.627367376869:12.632944752419:17,6,4,4

EKCH:22R:55.628187771668:12.634201777431:55.629117860095:12.632598821377:55.629391192755:12.637673569629:55.628397889253:12.637103052284:13,2,3,5
EKCH:04R:55.628187771668:12.634201777431:55.629117860095:12.632598821377:55.629391192755:12.637673569629:55.628397889253:12.637103052284:14,4,3,5
EKCH:12:55.628187771668:12.634201777431:55.629117860095:12.632598821377:55.629391192755:12.637673569629:55.628397889253:12.637103052284:5,6,4,5
EKCH:30:55.628187771668:12.634201777431:55.629117860095:12.632598821377:55.629391192755:12.637673569629:55.628397889253:12.637103052284:18,6,4,4

EKCH:22R:55.62762073636:12.637183116:55.629625509356:12.637857041566:55.628897510583:12.6438057307:55.626691481975:12.640766585597:12,2,3,5
EKCH:04R:55.62762073636:12.637183116:55.629625509356:12.637857041566:55.628897510583:12.6438057307:55.626691481975:12.640766585597:13,4,3,5
EKCH:12:55.62762073636:12.637183116:55.629625509356:12.637857041566:55.628897510583:12.6438057307:55.626691481975:12.640766585597:4,6,4,5
EKCH:30:55.62762073636:12.637183116:55.629625509356:12.637857041566:55.628897510583:12.6438057307:55.626691481975:12.640766585597:17,6,4,4

EKCH:22R:55.626673876886:12.640811398074:55.628853514089:12.643901004578:55.628566192021:12.645792810224:55.625260385571:12.644538460827:11,2,3,5
EKCH:04R:55.626673876886:12.640811398074:55.628853514089:12.643901004578:55.628566192021:12.645792810224:55.625260385571:12.644538460827:14,4,3,5
EKCH:12:55.626673876886:12.640811398074:55.628853514089:12.643901004578:55.628566192021:12.645792810224:55.625260385571:12.644538460827:5,6,4,5
EKCH:30:55.626673876886:12.640811398074:55.628853514089:12.643901004578:55.628566192021:12.645792810224:55.625260385571:12.644538460827:16,6,4,4

EKCH:22R:55.626442756422:12.64508313779:55.627535087415:12.645568448827:55.627065644548:12.650049487409:55.625805167964:12.649269618188:10,2,3,5
EKCH:04R:55.626442756422:12.64508313779:55.627535087415:12.645568448827:55.627065644548:12.650049487409:55.625805167964:12.649269618188:15,4,3,5
EKCH:12:55.626442756422:12.64508313779:55.627535087415:12.645568448827:55.627065644548:12.650049487409:55.625805167964:12.649269618188:6,6,4,5
EKCH:30:55.626442756422:12.64508313779:55.627535087415:12.645568448827:55.627065644548:12.650049487409:55.625805167964:12.649269618188:15,6,4,4

EKCH:22R:55.625276556056:12.644651217187:55.626199428852:12.645002573595:55.625718588962:12.649722970554:55.624049619089:12.649715332371:8,2,3,5
EKCH:04R:55.625276556056:12.644651217187:55.626199428852:12.645002573595:55.625718588962:12.649722970554:55.624049619089:12.649715332371:12,4,3,5
EKCH:12:55.625276556056:12.644651217187:55.626199428852:12.645002573595:55.625718588962:12.649722970554:55.624049619089:12.649715332371:5,6,4,5
EKCH:30:55.625276556056:12.644651217187:55.626199428852:12.645002573595:55.625718588962:12.649722970554:55.624049619089:12.649715332371:14,6,4,4

EKCH:22R:55.62623601983:12.649864630617:55.628141376629:12.650734611837:55.627350947986:12.655987781441:55.625808946922:12.655720015208:12,2,3,5
EKCH:04R:55.62623601983:12.649864630617:55.628141376629:12.650734611837:55.627350947986:12.655987781441:55.625808946922:12.655720015208:14,4,3,5
EKCH:12:55.62623601983:12.649864630617:55.628141376629:12.650734611837:55.627350947986:12.655987781441:55.625808946922:12.655720015208:7,6,4,5
EKCH:30:55.62623601983:12.649864630617:55.628141376629:12.650734611837:55.627350947986:12.655987781441:55.625808946922:12.655720015208:15,6,4,4

EKCH:22R:55.623549489606:12.649876497133:55.626099811207:12.649956951995:55.625905364868:12.651814833892:55.623132392774:12.651726648074:9,2,3,5
EKCH:04R:55.623549489606:12.649876497133:55.626099811207:12.649956951995:55.625905364868:12.651814833892:55.623132392774:12.651726648074:13,4,3,5
EKCH:12:55.623549489606:12.649876497133:55.626099811207:12.649956951995:55.625905364868:12.651814833892:55.623132392774:12.651726648074:6,6,4,5
EKCH:30:55.623549489606:12.649876497133:55.626099811207:12.649956951995:55.625905364868:12.651814833892:55.623132392774:12.651726648074:14,6,4,4

EKCH:22R:55.62538934211:12.65304629536:55.625819598906:12.653141129289:55.625758407116:12.654980230149:55.625364482684:12.654729597618:10,2,3,5
EKCH:04R:55.62538934211:12.65304629536:55.625819598906:12.653141129289:55.625758407116:12.654980230149:55.625364482684:12.654729597618:13,4,3,5
EKCH:12:55.62538934211:12.65304629536:55.625819598906:12.653141129289:55.625758407116:12.654980230149:55.625364482684:12.654729597618:7,6,4,5
EKCH:30:55.62538934211:12.65304629536:55.625819598906:12.653141129289:55.625758407116:12.654980230149:55.625364482684:12.654729597618:13,6,4,4

EKCH:22R:55.624660938123:12.653771059183:55.625672663734:12.655285706709:55.625742759229:12.658840576173:55.624378211056:12.660214518738:10,2,3,5
EKCH:04R:55.624660938123:12.653771059183:55.625672663734:12.655285706709:55.625742759229:12.658840576173:55.624378211056:12.660214518738:12,4,3,5
EKCH:12:55.624660938123:12.653771059183:55.625672663734:12.655285706709:55.625742759229:12.658840576173:55.624378211056:12.660214518738:6,6,4,5
EKCH:30:55.624660938123:12.653771059183:55.625672663734:12.655285706709:55.625742759229:12.658840576173:55.624378211056:12.660214518738:12,6,4,4

EKCH:22R:55.624952249676:12.661011351672:55.626739195883:12.656202265446:55.627907272325:12.65623921105:55.627611780086:12.660364803587:12,2,3,5
EKCH:04R:55.624952249676:12.661011351672:55.626739195883:12.656202265446:55.627907272325:12.65623921105:55.627611780086:12.660364803587:13,4,3,5
EKCH:12:55.624952249676:12.661011351672:55.626739195883:12.656202265446:55.627907272325:12.65623921105:55.627611780086:12.660364803587:5,6,4,5
EKCH:30:55.624952249676:12.661011351672:55.626739195883:12.656202265446:55.627907272325:12.65623921105:55.627611780086:12.660364803587:12,6,4,4

EKCH:22R:55.625525373418:12.662532734724:55.627880121738:12.660215635362:55.630388619529:12.664836204089:55.628472634167:12.668298223133:13,2,3,5
EKCH:04R:55.625525373418:12.662532734724:55.627880121738:12.660215635362:55.630388619529:12.664836204089:55.628472634167:12.668298223133:14,4,3,5
EKCH:12:55.625525373418:12.662532734724:55.627880121738:12.660215635362:55.630388619529:12.664836204089:55.628472634167:12.668298223133:8,6,4,5
EKCH:30:55.625525373418:12.662532734724:55.627880121738:12.660215635362:55.630388619529:12.664836204089:55.628472634167:12.668298223133:13,6,4,4

EKCH:22R:55.615740118881:12.666052820049:55.621820228012:12.663284612856:55.62247453333:12.671106407597:55.615794653198:12.67356882446:16,2,3,5
EKCH:04R:55.615740118881:12.666052820049:55.621820228012:12.663284612856:55.62247453333:12.671106407597:55.615794653198:12.67356882446:20,4,3,5
EKCH:22R:55.615740118881:12.666052820049:55.621820228012:12.663284612856:55.62247453333:12.671106407597:55.615794653198:12.67356882446:18,2,3,5
EKCH:22R:55.615740118881:12.666052820049:55.621820228012:12.663284612856:55.62247453333:12.671106407597:55.615794653198:12.67356882446:4,2,3,5

EKCH:22R:55.623319130075:12.654479887257:55.624109399357:12.654434737756:55.624156135214:12.659062561663:55.623399857238:12.659122760998:9,2,3,5
EKCH:22R:55.623319130075:12.654479887257:55.624109399357:12.654434737756:55.624156135214:12.659062561663:55.623399857238:12.659122760998:11,2,3,5
EKCH:22R:55.623319130075:12.654479887257:55.624109399357:12.654434737756:55.624156135214:12.659062561663:55.623399857238:12.659122760998:7,2,3,5
EKCH:22R:55.623319130075:12.654479887257:55.624109399357:12.654434737756:55.624156135214:12.659062561663:55.623399857238:12.659122760998:13,2,3,5
